GOPR0384_11_03/image000000: 0.017 0.026 0.017 0.017
GOPR0384_11_03/image000001: 0.017 0.026 0.017 0.017
GOPR0384_11_03/image000002: 0.017 0.026 0.017 0.017
GOPR0384_11_03/image000003: 0.016 0.023 0.017 0.016
GOPR0384_11_03/image000004: 0.016 0.022 0.016 0.016
GOPR0384_11_03/image000005: 0.014 0.015 0.014 0.014
GOPR0384_11_03/image000006: 0.015 0.017 0.015 0.015
GOPR0384_11_03/image000007: 0.011 0.012 0.012 0.012
GOPR0384_11_03/image000008: 0.013 0.015 0.015 0.014
GOPR0384_11_03/image000009: 0.013 0.014 0.015 0.014
GOPR0384_11_03/image000010: 0.013 0.014 0.015 0.013
GOPR0384_11_03/image000011: 0.013 0.015 0.014 0.014
GOPR0384_11_03/image000012: 0.014 0.016 0.014 0.014
GOPR0384_11_03/image000013: 0.013 0.015 0.015 0.014
GOPR0384_11_03/image000014: 0.014 0.016 0.014 0.014
GOPR0384_11_03/image000015: 0.012 0.014 0.013 0.013
GOPR0384_11_03/image000016: 0.015 0.017 0.015 0.015
GOPR0384_11_03/image000017: 0.015 0.016 0.016 0.015
GOPR0384_11_03/image000018: 0.013 0.015 0.015 0.014
GOPR0384_11_03/image000019: 0.013 0.015 0.013 0.014
GOPR0384_11_03/image000020: 0.013 0.015 0.014 0.014
GOPR0384_11_03/image000021: 0.013 0.015 0.014 0.014
GOPR0384_11_03/image000022: 0.013 0.015 0.013 0.013
GOPR0384_11_03/image000023: 0.014 0.016 0.014 0.014
GOPR0384_11_03/image000024: 0.013 0.015 0.013 0.014
GOPR0384_11_03/image000025: 0.013 0.015 0.014 0.014
GOPR0384_11_03/image000026: 0.013 0.014 0.013 0.013
GOPR0384_11_03/image000027: 0.013 0.015 0.014 0.014
GOPR0384_11_03/image000028: 0.013 0.015 0.013 0.014
GOPR0384_11_03/image000029: 0.012 0.012 0.012 0.013
GOPR0384_11_03/image000030: 0.014 0.016 0.018 0.016
GOPR0384_11_03/image000031: 0.014 0.015 0.014 0.014
GOPR0384_11_03/image000032: 0.013 0.014 0.013 0.014
GOPR0384_11_03/image000033: 0.014 0.016 0.015 0.015
GOPR0384_11_03/image000034: 0.014 0.016 0.014 0.014
GOPR0384_11_03/image000035: 0.014 0.016 0.014 0.015
GOPR0384_11_03/image000036: 0.014 0.016 0.014 0.014
GOPR0384_11_03/image000037: 0.014 0.017 0.014 0.015
GOPR0384_11_03/image000038: 0.014 0.016 0.014 0.014
GOPR0384_11_03/image000039: 0.013 0.016 0.014 0.014
GOPR0384_11_03/image000040: 0.015 0.017 0.015 0.015
GOPR0384_11_03/image000041: 0.013 0.015 0.013 0.013
GOPR0384_11_03/image000042: 0.013 0.015 0.013 0.014
GOPR0384_11_03/image000043: 0.013 0.015 0.013 0.014
GOPR0384_11_03/image000044: 0.014 0.017 0.014 0.015
GOPR0384_11_03/image000045: 0.014 0.017 0.014 0.015
GOPR0384_11_03/image000046: 0.017 0.020 0.017 0.017
GOPR0384_11_03/image000047: 0.015 0.018 0.016 0.015
GOPR0384_11_03/image000048: 0.014 0.017 0.014 0.015
GOPR0384_11_03/image000049: 0.015 0.018 0.016 0.016
GOPR0384_11_03/image000050: 0.015 0.018 0.015 0.015
GOPR0384_11_03/image000051: 0.015 0.018 0.015 0.015
GOPR0384_11_03/image000052: 0.015 0.017 0.015 0.015
GOPR0384_11_03/image000053: 0.016 0.018 0.016 0.016
GOPR0384_11_03/image000054: 0.015 0.016 0.015 0.015
GOPR0384_11_03/image000055: 0.014 0.016 0.015 0.015
GOPR0384_11_03/image000056: 0.015 0.017 0.016 0.016
GOPR0384_11_03/image000057: 0.015 0.017 0.015 0.016
GOPR0384_11_03/image000058: 0.015 0.016 0.015 0.015
GOPR0384_11_03/image000059: 0.015 0.017 0.017 0.016
GOPR0384_11_03/image000060: 0.016 0.018 0.016 0.016
GOPR0384_11_03/image000061: 0.015 0.017 0.016 0.016
GOPR0384_11_03/image000062: 0.015 0.017 0.016 0.015
GOPR0384_11_03/image000063: 0.017 0.020 0.017 0.017
GOPR0384_11_03/image000064: 0.016 0.019 0.017 0.017
GOPR0384_11_03/image000065: 0.018 0.021 0.019 0.019
GOPR0384_11_03/image000066: 0.017 0.020 0.017 0.017
GOPR0384_11_03/image000067: 0.015 0.018 0.016 0.016
GOPR0384_11_03/image000068: 0.015 0.017 0.015 0.015
GOPR0384_11_03/image000069: 0.015 0.017 0.016 0.016
GOPR0384_11_03/image000070: 0.016 0.018 0.016 0.016
GOPR0384_11_03/image000071: 0.014 0.016 0.014 0.015
GOPR0384_11_03/image000072: 0.014 0.017 0.015 0.015
GOPR0384_11_03/image000073: 0.014 0.015 0.015 0.015
GOPR0384_11_03/image000074: 0.013 0.015 0.014 0.014
GOPR0384_11_03/image000075: 0.014 0.016 0.014 0.015
GOPR0384_11_03/image000076: 0.015 0.017 0.015 0.016
GOPR0384_11_03/image000077: 0.014 0.015 0.015 0.015
GOPR0384_11_03/image000078: 0.014 0.016 0.014 0.015
GOPR0384_11_03/image000079: 0.014 0.016 0.016 0.015
GOPR0384_11_03/image000080: 0.015 0.017 0.016 0.015
GOPR0384_11_03/image000081: 0.014 0.015 0.015 0.015
GOPR0384_11_03/image000082: 0.013 0.015 0.014 0.014
GOPR0384_11_03/image000083: 0.014 0.015 0.014 0.014
GOPR0384_11_03/image000084: 0.014 0.016 0.015 0.014
GOPR0384_11_03/image000085: 0.013 0.014 0.014 0.014
GOPR0384_11_03/image000086: 0.013 0.015 0.013 0.014
GOPR0384_11_03/image000087: 0.014 0.016 0.014 0.015
GOPR0384_11_03/image000088: 0.015 0.017 0.015 0.015
GOPR0384_11_03/image000089: 0.016 0.019 0.018 0.017
GOPR0384_11_03/image000090: 0.016 0.018 0.017 0.017
GOPR0384_11_03/image000091: 0.015 0.017 0.015 0.015
GOPR0384_11_03/image000092: 0.014 0.015 0.016 0.015
GOPR0384_11_03/image000093: 0.015 0.017 0.015 0.015
GOPR0384_11_03/image000094: 0.013 0.015 0.014 0.014
GOPR0384_11_03/image000095: 0.014 0.015 0.014 0.014
GOPR0384_11_03/image000096: 0.014 0.015 0.015 0.014
GOPR0384_11_03/image000097: 0.014 0.015 0.015 0.014
GOPR0374_11_01/image000000: 0.039 0.063 0.039 0.040
GOPR0374_11_01/image000001: 0.036 0.056 0.036 0.036
GOPR0374_11_01/image000002: 0.038 0.059 0.038 0.038
GOPR0374_11_01/image000003: 0.029 0.040 0.030 0.029
GOPR0374_11_01/image000004: 0.033 0.054 0.034 0.034
GOPR0374_11_01/image000005: 0.027 0.037 0.028 0.028
GOPR0374_11_01/image000006: 0.028 0.040 0.028 0.028
GOPR0374_11_01/image000007: 0.026 0.035 0.026 0.026
GOPR0374_11_01/image000008: 0.024 0.032 0.025 0.025
GOPR0374_11_01/image000009: 0.030 0.038 0.031 0.031
GOPR0374_11_01/image000010: 0.021 0.026 0.021 0.021
GOPR0374_11_01/image000011: 0.026 0.033 0.027 0.026
GOPR0374_11_01/image000012: 0.019 0.022 0.019 0.019
GOPR0374_11_01/image000013: 0.025 0.034 0.026 0.026
GOPR0374_11_01/image000014: 0.028 0.039 0.028 0.028
GOPR0374_11_01/image000015: 0.028 0.039 0.028 0.028
GOPR0374_11_01/image000016: 0.025 0.034 0.026 0.026
GOPR0374_11_01/image000017: 0.023 0.030 0.023 0.023
GOPR0374_11_01/image000018: 0.025 0.034 0.025 0.025
GOPR0374_11_01/image000019: 0.026 0.035 0.027 0.027
GOPR0374_11_01/image000020: 0.026 0.034 0.027 0.026
GOPR0374_11_01/image000021: 0.022 0.027 0.022 0.023
GOPR0374_11_01/image000022: 0.026 0.035 0.026 0.026
GOPR0374_11_01/image000023: 0.025 0.033 0.026 0.026
GOPR0374_11_01/image000024: 0.028 0.036 0.029 0.029
GOPR0374_11_01/image000025: 0.029 0.041 0.029 0.029
GOPR0374_11_01/image000026: 0.023 0.027 0.024 0.023
GOPR0374_11_01/image000027: 0.026 0.035 0.027 0.027
GOPR0374_11_01/image000028: 0.031 0.043 0.031 0.031
GOPR0374_11_01/image000029: 0.029 0.040 0.029 0.029
GOPR0374_11_01/image000030: 0.024 0.029 0.024 0.024
GOPR0374_11_01/image000031: 0.025 0.034 0.026 0.026
GOPR0374_11_01/image000032: 0.027 0.038 0.027 0.027
GOPR0374_11_01/image000033: 0.028 0.036 0.029 0.029
GOPR0374_11_01/image000034: 0.026 0.035 0.030 0.028
GOPR0374_11_01/image000035: 0.025 0.031 0.026 0.026
GOPR0374_11_01/image000036: 0.028 0.042 0.029 0.029
GOPR0374_11_01/image000037: 0.031 0.046 0.031 0.031
GOPR0374_11_01/image000038: 0.023 0.027 0.023 0.023
GOPR0374_11_01/image000039: 0.023 0.029 0.024 0.024
GOPR0374_11_01/image000040: 0.027 0.036 0.027 0.027
GOPR0374_11_01/image000041: 0.024 0.030 0.025 0.024
GOPR0374_11_01/image000042: 0.030 0.041 0.030 0.030
GOPR0374_11_01/image000043: 0.032 0.045 0.032 0.032
GOPR0374_11_01/image000044: 0.031 0.044 0.031 0.031
GOPR0374_11_01/image000045: 0.030 0.041 0.030 0.030
GOPR0374_11_01/image000046: 0.028 0.038 0.030 0.029
GOPR0374_11_01/image000047: 0.029 0.040 0.030 0.030
GOPR0374_11_01/image000048: 0.027 0.037 0.027 0.027
GOPR0374_11_01/image000049: 0.027 0.037 0.027 0.027
GOPR0374_11_01/image000050: 0.030 0.045 0.032 0.031
GOPR0374_11_01/image000051: 0.028 0.041 0.028 0.028
GOPR0374_11_01/image000052: 0.028 0.041 0.028 0.028
GOPR0374_11_01/image000053: 0.028 0.044 0.029 0.029
GOPR0374_11_01/image000054: 0.030 0.044 0.030 0.031
GOPR0374_11_01/image000055: 0.030 0.047 0.030 0.031
GOPR0374_11_01/image000056: 0.027 0.039 0.027 0.027
GOPR0374_11_01/image000057: 0.031 0.045 0.032 0.032
GOPR0374_11_01/image000058: 0.030 0.042 0.031 0.031
GOPR0374_11_01/image000059: 0.029 0.038 0.030 0.029
GOPR0374_11_01/image000060: 0.032 0.047 0.033 0.032
GOPR0374_11_01/image000061: 0.027 0.041 0.028 0.028
GOPR0374_11_01/image000062: 0.030 0.042 0.031 0.030
GOPR0374_11_01/image000063: 0.026 0.034 0.026 0.026
GOPR0374_11_01/image000064: 0.022 0.027 0.023 0.023
GOPR0374_11_01/image000065: 0.023 0.031 0.023 0.024
GOPR0374_11_01/image000066: 0.034 0.053 0.035 0.035
GOPR0374_11_01/image000067: 0.027 0.041 0.028 0.027
GOPR0374_11_01/image000068: 0.028 0.041 0.028 0.029
GOPR0374_11_01/image000069: 0.025 0.039 0.026 0.026
GOPR0374_11_01/image000070: 0.026 0.040 0.026 0.027
GOPR0374_11_01/image000071: 0.028 0.042 0.029 0.028
GOPR0374_11_01/image000072: 0.023 0.032 0.023 0.024
GOPR0374_11_01/image000073: 0.028 0.043 0.029 0.029
GOPR0374_11_01/image000074: 0.021 0.028 0.021 0.021
GOPR0374_11_01/image000075: 0.028 0.043 0.029 0.029
GOPR0374_11_01/image000076: 0.026 0.040 0.027 0.027
GOPR0374_11_01/image000077: 0.024 0.033 0.025 0.024
GOPR0384_11_02/image000000: 0.021 0.026 0.021 0.022
GOPR0384_11_02/image000001: 0.021 0.025 0.022 0.022
GOPR0384_11_02/image000002: 0.021 0.025 0.024 0.022
GOPR0384_11_02/image000003: 0.020 0.024 0.020 0.021
GOPR0384_11_02/image000004: 0.029 0.037 0.029 0.029
GOPR0384_11_02/image000005: 0.023 0.029 0.023 0.024
GOPR0384_11_02/image000006: 0.020 0.023 0.020 0.021
GOPR0384_11_02/image000007: 0.018 0.021 0.019 0.018
GOPR0384_11_02/image000008: 0.018 0.021 0.019 0.018
GOPR0384_11_02/image000009: 0.021 0.026 0.021 0.022
GOPR0384_11_02/image000010: 0.020 0.025 0.021 0.021
GOPR0384_11_02/image000011: 0.019 0.023 0.019 0.020
GOPR0384_11_02/image000012: 0.019 0.023 0.020 0.020
GOPR0384_11_02/image000013: 0.019 0.023 0.019 0.019
GOPR0384_11_02/image000014: 0.024 0.028 0.024 0.024
GOPR0384_11_02/image000015: 0.020 0.025 0.020 0.021
GOPR0384_11_02/image000016: 0.020 0.024 0.020 0.021
GOPR0384_11_02/image000017: 0.020 0.023 0.020 0.020
GOPR0384_11_02/image000018: 0.018 0.022 0.019 0.019
GOPR0384_11_02/image000019: 0.018 0.020 0.018 0.018
GOPR0384_11_02/image000020: 0.019 0.022 0.019 0.019
GOPR0384_11_02/image000021: 0.020 0.024 0.021 0.021
GOPR0384_11_02/image000022: 0.019 0.022 0.019 0.019
GOPR0384_11_02/image000023: 0.019 0.022 0.019 0.020
GOPR0384_11_02/image000024: 0.019 0.023 0.022 0.020
GOPR0384_11_02/image000025: 0.020 0.023 0.020 0.020
GOPR0384_11_02/image000026: 0.018 0.021 0.018 0.019
GOPR0384_11_02/image000027: 0.017 0.020 0.018 0.018
GOPR0384_11_02/image000028: 0.018 0.021 0.019 0.018
GOPR0384_11_02/image000029: 0.016 0.018 0.016 0.017
GOPR0384_11_02/image000030: 0.017 0.019 0.018 0.018
GOPR0384_11_02/image000031: 0.022 0.026 0.022 0.023
GOPR0384_11_02/image000032: 0.030 0.040 0.031 0.030
GOPR0384_11_02/image000033: 0.022 0.025 0.022 0.022
GOPR0384_11_02/image000034: 0.022 0.025 0.022 0.022
GOPR0384_11_02/image000035: 0.018 0.021 0.018 0.018
GOPR0384_11_02/image000036: 0.024 0.029 0.024 0.024
GOPR0384_11_02/image000037: 0.020 0.024 0.020 0.020
GOPR0384_11_02/image000038: 0.017 0.020 0.018 0.017
GOPR0384_11_02/image000039: 0.017 0.018 0.017 0.017
GOPR0384_11_02/image000040: 0.016 0.018 0.017 0.017
GOPR0384_11_02/image000041: 0.018 0.021 0.018 0.018
GOPR0384_11_02/image000042: 0.020 0.024 0.021 0.021
GOPR0384_11_02/image000043: 0.019 0.022 0.019 0.019
GOPR0384_11_02/image000044: 0.018 0.021 0.019 0.018
GOPR0384_11_02/image000045: 0.020 0.023 0.020 0.020
GOPR0384_11_02/image000046: 0.019 0.023 0.020 0.020
GOPR0384_11_02/image000047: 0.020 0.023 0.021 0.020
GOPR0384_11_02/image000048: 0.016 0.019 0.017 0.017
GOPR0384_11_02/image000049: 0.017 0.020 0.018 0.018
GOPR0384_11_02/image000050: 0.016 0.019 0.016 0.017
GOPR0384_11_02/image000051: 0.015 0.018 0.017 0.016
GOPR0384_11_02/image000052: 0.017 0.019 0.018 0.017
GOPR0384_11_02/image000053: 0.018 0.022 0.018 0.019
GOPR0384_11_02/image000054: 0.021 0.026 0.022 0.022
GOPR0384_11_02/image000055: 0.017 0.021 0.017 0.017
GOPR0384_11_02/image000056: 0.017 0.020 0.018 0.017
GOPR0384_11_02/image000057: 0.018 0.021 0.018 0.018
GOPR0384_11_02/image000058: 0.018 0.022 0.019 0.018
GOPR0384_11_02/image000059: 0.017 0.021 0.018 0.017
GOPR0384_11_02/image000060: 0.019 0.023 0.019 0.019
GOPR0384_11_02/image000061: 0.018 0.022 0.018 0.019
GOPR0384_11_02/image000062: 0.019 0.022 0.019 0.019
GOPR0384_11_02/image000063: 0.019 0.023 0.020 0.020
GOPR0384_11_02/image000064: 0.017 0.019 0.017 0.017
GOPR0384_11_02/image000065: 0.018 0.021 0.018 0.019
GOPR0384_11_02/image000066: 0.016 0.018 0.016 0.017
GOPR0384_11_02/image000067: 0.019 0.022 0.019 0.020
GOPR0384_11_02/image000068: 0.018 0.020 0.018 0.018
GOPR0384_11_02/image000069: 0.017 0.020 0.018 0.018
GOPR0384_11_02/image000070: 0.017 0.020 0.018 0.018
GOPR0384_11_02/image000071: 0.017 0.020 0.019 0.018
GOPR0384_11_02/image000072: 0.017 0.020 0.018 0.018
GOPR0384_11_02/image000073: 0.015 0.016 0.015 0.015
GOPR0384_11_02/image000074: 0.019 0.022 0.019 0.019
GOPR0384_11_02/image000075: 0.017 0.019 0.017 0.017
GOPR0384_11_02/image000076: 0.018 0.021 0.019 0.018
GOPR0384_11_02/image000077: 0.017 0.020 0.018 0.018
GOPR0384_11_02/image000078: 0.018 0.020 0.019 0.018
GOPR0384_11_02/image000079: 0.017 0.019 0.017 0.017
GOPR0384_11_02/image000080: 0.016 0.018 0.017 0.017
GOPR0384_11_02/image000081: 0.020 0.022 0.020 0.020
GOPR0384_11_02/image000082: 0.017 0.020 0.017 0.017
GOPR0384_11_02/image000083: 0.017 0.020 0.019 0.018
GOPR0384_11_02/image000084: 0.020 0.024 0.021 0.021
GOPR0384_11_02/image000085: 0.023 0.027 0.023 0.023
GOPR0384_11_02/image000086: 0.018 0.020 0.019 0.018
GOPR0384_11_02/image000087: 0.019 0.022 0.020 0.019
GOPR0384_11_02/image000088: 0.022 0.026 0.023 0.023
GOPR0384_11_02/image000089: 0.021 0.024 0.021 0.021
GOPR0384_11_02/image000090: 0.018 0.021 0.018 0.018
GOPR0384_11_02/image000091: 0.019 0.022 0.019 0.019
GOPR0384_11_02/image000092: 0.018 0.021 0.019 0.019
GOPR0384_11_02/image000093: 0.021 0.024 0.021 0.021
GOPR0384_11_02/image000094: 0.018 0.021 0.019 0.019
GOPR0384_11_02/image000095: 0.018 0.020 0.019 0.018
GOPR0384_11_02/image000096: 0.018 0.020 0.018 0.018
GOPR0384_11_02/image000097: 0.017 0.019 0.018 0.018
GOPR0881_11_00/image000000: 0.018 0.021 0.019 0.019
GOPR0881_11_00/image000001: 0.021 0.024 0.021 0.021
GOPR0881_11_00/image000002: 0.019 0.023 0.019 0.019
GOPR0881_11_00/image000003: 0.020 0.025 0.020 0.020
GOPR0881_11_00/image000004: 0.024 0.029 0.024 0.024
GOPR0881_11_00/image000005: 0.020 0.023 0.020 0.020
GOPR0881_11_00/image000006: 0.022 0.029 0.023 0.023
GOPR0881_11_00/image000007: 0.025 0.035 0.025 0.025
GOPR0881_11_00/image000008: 0.023 0.029 0.024 0.024
GOPR0881_11_00/image000009: 0.025 0.033 0.025 0.025
GOPR0881_11_00/image000010: 0.024 0.033 0.025 0.025
GOPR0881_11_00/image000011: 0.024 0.030 0.024 0.024
GOPR0881_11_00/image000012: 0.026 0.033 0.026 0.026
GOPR0881_11_00/image000013: 0.022 0.029 0.022 0.023
GOPR0881_11_00/image000014: 0.015 0.017 0.016 0.015
GOPR0881_11_00/image000015: 0.022 0.029 0.023 0.023
GOPR0881_11_00/image000016: 0.014 0.016 0.015 0.015
GOPR0881_11_00/image000017: 0.017 0.020 0.018 0.017
GOPR0881_11_00/image000018: 0.017 0.020 0.017 0.017
GOPR0881_11_00/image000019: 0.024 0.033 0.024 0.024
GOPR0881_11_00/image000020: 0.021 0.027 0.022 0.022
GOPR0881_11_00/image000021: 0.025 0.029 0.032 0.031
GOPR0881_11_00/image000022: 0.024 0.030 0.024 0.024
GOPR0881_11_00/image000023: 0.031 0.048 0.031 0.031
GOPR0881_11_00/image000024: 0.025 0.036 0.025 0.025
GOPR0881_11_00/image000025: 0.025 0.035 0.025 0.025
GOPR0881_11_00/image000026: 0.026 0.037 0.027 0.027
GOPR0881_11_00/image000027: 0.020 0.026 0.022 0.022
GOPR0881_11_00/image000028: 0.026 0.034 0.026 0.026
GOPR0881_11_00/image000029: 0.022 0.025 0.022 0.022
GOPR0881_11_00/image000030: 0.034 0.043 0.035 0.035
GOPR0881_11_00/image000031: 0.029 0.037 0.029 0.030
GOPR0881_11_00/image000032: 0.023 0.031 0.025 0.024
GOPR0881_11_00/image000033: 0.025 0.032 0.025 0.025
GOPR0881_11_00/image000034: 0.028 0.036 0.028 0.028
GOPR0881_11_00/image000035: 0.028 0.038 0.028 0.028
GOPR0881_11_00/image000036: 0.025 0.032 0.029 0.028
GOPR0881_11_00/image000037: 0.020 0.024 0.020 0.021
GOPR0881_11_00/image000038: 0.020 0.023 0.021 0.020
GOPR0881_11_00/image000039: 0.021 0.026 0.022 0.022
GOPR0881_11_00/image000040: 0.020 0.024 0.022 0.021
GOPR0881_11_00/image000041: 0.023 0.029 0.024 0.024
GOPR0881_11_00/image000042: 0.030 0.041 0.043 0.035
GOPR0881_11_00/image000043: 0.030 0.042 0.031 0.031
GOPR0881_11_00/image000044: 0.031 0.044 0.031 0.034
GOPR0881_11_00/image000045: 0.032 0.043 0.033 0.032
GOPR0881_11_00/image000046: 0.030 0.043 0.030 0.033
GOPR0881_11_00/image000047: 0.037 0.054 0.038 0.038
GOPR0881_11_00/image000048: 0.029 0.039 0.030 0.029
GOPR0881_11_00/image000049: 0.026 0.033 0.027 0.026
GOPR0881_11_00/image000050: 0.030 0.042 0.031 0.030
GOPR0881_11_00/image000051: 0.027 0.039 0.027 0.028
GOPR0881_11_00/image000052: 0.033 0.047 0.033 0.034
GOPR0881_11_00/image000053: 0.026 0.033 0.026 0.026
GOPR0881_11_00/image000054: 0.026 0.034 0.027 0.027
GOPR0881_11_00/image000055: 0.019 0.023 0.020 0.020
GOPR0881_11_00/image000056: 0.028 0.037 0.028 0.028
