GOPR0868_11_02/image000000: 0.027 0.035 0.027 0.028
GOPR0868_11_02/image000001: 0.025 0.031 0.026 0.026
GOPR0868_11_02/image000002: 0.030 0.039 0.031 0.031
GOPR0868_11_02/image000003: 0.034 0.042 0.034 0.034
GOPR0868_11_02/image000004: 0.025 0.030 0.026 0.026
GOPR0868_11_02/image000005: 0.027 0.033 0.028 0.028
GOPR0868_11_02/image000006: 0.032 0.046 0.032 0.032
GOPR0868_11_02/image000007: 0.025 0.031 0.025 0.025
GOPR0868_11_02/image000008: 0.030 0.043 0.031 0.030
GOPR0868_11_02/image000009: 0.029 0.037 0.030 0.030
GOPR0868_11_02/image000010: 0.025 0.031 0.025 0.025
GOPR0868_11_02/image000011: 0.024 0.028 0.024 0.024
GOPR0868_11_02/image000012: 0.023 0.026 0.023 0.023
GOPR0868_11_02/image000013: 0.016 0.016 0.016 0.016
GOPR0868_11_02/image000014: 0.017 0.018 0.017 0.017
GOPR0868_11_02/image000015: 0.025 0.031 0.025 0.025
GOPR0868_11_02/image000016: 0.019 0.021 0.019 0.019
GOPR0868_11_02/image000017: 0.024 0.030 0.025 0.025
GOPR0868_11_02/image000018: 0.023 0.027 0.024 0.024
GOPR0868_11_02/image000019: 0.025 0.030 0.026 0.025
GOPR0868_11_02/image000020: 0.022 0.026 0.022 0.022
GOPR0868_11_02/image000021: 0.019 0.022 0.020 0.020
GOPR0868_11_02/image000022: 0.014 0.015 0.014 0.015
GOPR0868_11_02/image000023: 0.017 0.019 0.018 0.017
GOPR0868_11_02/image000024: 0.018 0.021 0.018 0.018
GOPR0868_11_02/image000025: 0.018 0.020 0.019 0.018
GOPR0868_11_02/image000026: 0.014 0.015 0.015 0.015
GOPR0868_11_02/image000027: 0.027 0.036 0.027 0.027
GOPR0868_11_02/image000028: 0.021 0.026 0.022 0.021
GOPR0868_11_02/image000029: 0.026 0.034 0.026 0.026
GOPR0868_11_02/image000030: 0.020 0.023 0.020 0.020
GOPR0868_11_02/image000031: 0.018 0.019 0.018 0.018
GOPR0868_11_02/image000032: 0.014 0.015 0.015 0.015
GOPR0868_11_02/image000033: 0.020 0.024 0.021 0.021
GOPR0868_11_02/image000034: 0.025 0.033 0.025 0.025
GOPR0868_11_02/image000035: 0.026 0.035 0.026 0.026
GOPR0868_11_02/image000036: 0.025 0.034 0.025 0.025
GOPR0868_11_02/image000037: 0.026 0.036 0.026 0.026
GOPR0868_11_02/image000038: 0.026 0.036 0.027 0.026
GOPR0868_11_02/image000039: 0.028 0.042 0.029 0.029
GOPR0868_11_02/image000040: 0.022 0.027 0.022 0.023
GOPR0868_11_02/image000041: 0.029 0.040 0.029 0.030
GOPR0868_11_02/image000042: 0.025 0.030 0.025 0.025
GOPR0868_11_02/image000043: 0.022 0.025 0.022 0.022
GOPR0868_11_02/image000044: 0.021 0.025 0.021 0.022
GOPR0868_11_02/image000045: 0.023 0.027 0.023 0.024
GOPR0868_11_02/image000046: 0.021 0.023 0.024 0.022
GOPR0868_11_02/image000047: 0.018 0.019 0.018 0.018
GOPR0868_11_02/image000048: 0.016 0.016 0.016 0.016
GOPR0868_11_02/image000049: 0.022 0.026 0.023 0.023
GOPR0868_11_02/image000050: 0.016 0.018 0.017 0.017
GOPR0868_11_02/image000051: 0.027 0.033 0.027 0.027
GOPR0868_11_02/image000052: 0.021 0.024 0.021 0.022
GOPR0868_11_02/image000053: 0.029 0.040 0.029 0.029
GOPR0868_11_02/image000054: 0.021 0.024 0.021 0.021
GOPR0868_11_02/image000055: 0.029 0.040 0.029 0.029
GOPR0868_11_02/image000056: 0.026 0.034 0.026 0.026
GOPR0868_11_02/image000057: 0.024 0.030 0.025 0.025
GOPR0868_11_02/image000058: 0.018 0.021 0.019 0.019
GOPR0868_11_02/image000059: 0.019 0.021 0.019 0.019
GOPR0868_11_02/image000060: 0.025 0.031 0.025 0.025
GOPR0868_11_02/image000061: 0.015 0.015 0.015 0.015
GOPR0868_11_02/image000062: 0.022 0.026 0.022 0.023
GOPR0868_11_02/image000063: 0.025 0.031 0.025 0.025
GOPR0868_11_02/image000064: 0.029 0.035 0.029 0.029
GOPR0868_11_02/image000065: 0.034 0.054 0.034 0.035
GOPR0868_11_02/image000066: 0.025 0.033 0.025 0.025
GOPR0868_11_02/image000067: 0.028 0.042 0.029 0.029
GOPR0868_11_02/image000068: 0.029 0.041 0.030 0.030
GOPR0868_11_02/image000069: 0.020 0.023 0.021 0.021
GOPR0868_11_02/image000070: 0.018 0.020 0.019 0.019
GOPR0868_11_02/image000071: 0.024 0.030 0.024 0.024
GOPR0868_11_02/image000072: 0.022 0.027 0.022 0.023
GOPR0868_11_02/image000073: 0.027 0.034 0.028 0.027
GOPR0868_11_02/image000074: 0.025 0.031 0.026 0.025
GOPR0868_11_02/image000075: 0.019 0.021 0.019 0.020
GOPR0868_11_02/image000076: 0.029 0.041 0.030 0.029
GOPR0868_11_02/image000077: 0.025 0.032 0.025 0.026
GOPR0868_11_02/image000078: 0.023 0.029 0.023 0.023
GOPR0868_11_02/image000079: 0.022 0.026 0.024 0.022
GOPR0868_11_02/image000080: 0.026 0.035 0.026 0.026
GOPR0868_11_02/image000081: 0.020 0.023 0.020 0.020
GOPR0868_11_02/image000082: 0.019 0.021 0.020 0.020
GOPR0868_11_02/image000083: 0.031 0.041 0.031 0.031
GOPR0868_11_02/image000084: 0.027 0.036 0.028 0.027
GOPR0868_11_02/image000085: 0.025 0.034 0.025 0.026
GOPR0868_11_02/image000086: 0.023 0.029 0.023 0.024
GOPR0868_11_02/image000087: 0.024 0.029 0.024 0.024
GOPR0868_11_02/image000088: 0.029 0.040 0.029 0.029
GOPR0868_11_02/image000089: 0.023 0.031 0.024 0.024
GOPR0868_11_02/image000090: 0.024 0.032 0.025 0.025
GOPR0868_11_02/image000091: 0.021 0.025 0.022 0.022
GOPR0868_11_02/image000092: 0.017 0.020 0.018 0.017
GOPR0868_11_02/image000093: 0.017 0.019 0.023 0.019
GOPR0868_11_02/image000094: 0.023 0.029 0.023 0.023
GOPR0868_11_02/image000095: 0.025 0.035 0.026 0.026
GOPR0868_11_02/image000096: 0.029 0.038 0.029 0.029
GOPR0868_11_02/image000097: 0.023 0.030 0.024 0.024
GOPR0374_11_02/image000000: 0.023 0.028 0.023 0.023
GOPR0374_11_02/image000001: 0.028 0.035 0.028 0.028
GOPR0374_11_02/image000002: 0.025 0.032 0.026 0.026
GOPR0374_11_02/image000003: 0.025 0.033 0.026 0.025
GOPR0374_11_02/image000004: 0.027 0.034 0.028 0.028
GOPR0374_11_02/image000005: 0.027 0.035 0.027 0.027
GOPR0374_11_02/image000006: 0.028 0.036 0.032 0.029
GOPR0374_11_02/image000007: 0.030 0.038 0.030 0.030
GOPR0374_11_02/image000008: 0.030 0.039 0.030 0.030
GOPR0374_11_02/image000009: 0.025 0.032 0.025 0.026
GOPR0374_11_02/image000010: 0.024 0.031 0.024 0.025
GOPR0374_11_02/image000011: 0.033 0.046 0.034 0.034
GOPR0374_11_02/image000012: 0.028 0.037 0.028 0.030
GOPR0374_11_02/image000013: 0.024 0.030 0.024 0.025
GOPR0374_11_02/image000014: 0.030 0.039 0.033 0.032
GOPR0374_11_02/image000015: 0.023 0.030 0.024 0.024
GOPR0374_11_02/image000016: 0.022 0.029 0.026 0.026
GOPR0374_11_02/image000017: 0.022 0.029 0.023 0.022
GOPR0374_11_02/image000018: 0.018 0.025 0.019 0.019
GOPR0374_11_02/image000019: 0.017 0.024 0.018 0.018
GOPR0374_11_02/image000020: 0.020 0.028 0.021 0.020
GOPR0374_11_02/image000021: 0.018 0.022 0.018 0.019
GOPR0374_11_02/image000022: 0.014 0.017 0.015 0.015
GOPR0374_11_02/image000023: 0.020 0.030 0.020 0.020
GOPR0374_11_02/image000024: 0.024 0.034 0.026 0.025
GOPR0374_11_02/image000025: 0.021 0.030 0.023 0.022
GOPR0374_11_02/image000026: 0.026 0.038 0.027 0.027
GOPR0374_11_02/image000027: 0.026 0.037 0.026 0.026
GOPR0374_11_02/image000028: 0.022 0.031 0.023 0.023
GOPR0374_11_02/image000029: 0.024 0.034 0.024 0.024
GOPR0374_11_02/image000030: 0.024 0.035 0.024 0.024
GOPR0374_11_02/image000031: 0.020 0.025 0.020 0.020
GOPR0374_11_02/image000032: 0.024 0.035 0.024 0.025
GOPR0374_11_02/image000033: 0.024 0.031 0.024 0.025
GOPR0374_11_02/image000034: 0.026 0.034 0.026 0.027
GOPR0374_11_02/image000035: 0.026 0.039 0.027 0.027
GOPR0374_11_02/image000036: 0.025 0.032 0.025 0.025
GOPR0374_11_02/image000037: 0.027 0.036 0.027 0.027
GOPR0374_11_02/image000038: 0.025 0.034 0.026 0.026
GOPR0374_11_02/image000039: 0.026 0.035 0.026 0.026
GOPR0374_11_02/image000040: 0.025 0.033 0.026 0.026
GOPR0374_11_02/image000041: 0.025 0.031 0.025 0.025
GOPR0374_11_02/image000042: 0.027 0.036 0.027 0.027
GOPR0374_11_02/image000043: 0.029 0.036 0.029 0.029
GOPR0374_11_02/image000044: 0.030 0.038 0.030 0.031
GOPR0374_11_02/image000045: 0.030 0.037 0.030 0.031
GOPR0374_11_02/image000046: 0.025 0.029 0.025 0.025
GOPR0374_11_02/image000047: 0.027 0.033 0.027 0.028
GOPR0374_11_02/image000048: 0.026 0.030 0.026 0.026
GOPR0374_11_02/image000049: 0.030 0.038 0.031 0.031
GOPR0374_11_02/image000050: 0.028 0.032 0.028 0.029
GOPR0374_11_02/image000051: 0.032 0.040 0.032 0.032
GOPR0374_11_02/image000052: 0.031 0.043 0.032 0.032
GOPR0374_11_02/image000053: 0.032 0.040 0.032 0.033
GOPR0374_11_02/image000054: 0.035 0.050 0.035 0.035
GOPR0374_11_02/image000055: 0.033 0.047 0.033 0.033
GOPR0374_11_02/image000056: 0.036 0.050 0.036 0.036
GOPR0374_11_02/image000057: 0.030 0.038 0.030 0.031
GOPR0374_11_02/image000058: 0.033 0.044 0.033 0.034
GOPR0374_11_02/image000059: 0.029 0.038 0.030 0.030
GOPR0374_11_02/image000060: 0.031 0.042 0.032 0.032
GOPR0374_11_02/image000061: 0.031 0.038 0.031 0.031
GOPR0374_11_02/image000062: 0.031 0.042 0.031 0.033
GOPR0374_11_02/image000063: 0.034 0.044 0.035 0.035
GOPR0374_11_02/image000064: 0.033 0.046 0.033 0.034
GOPR0374_11_02/image000065: 0.032 0.045 0.033 0.033
GOPR0374_11_02/image000066: 0.031 0.042 0.032 0.032
GOPR0374_11_02/image000067: 0.035 0.050 0.036 0.036
GOPR0374_11_02/image000068: 0.030 0.044 0.030 0.031
GOPR0374_11_02/image000069: 0.030 0.040 0.031 0.030
GOPR0374_11_02/image000070: 0.034 0.046 0.034 0.034
GOPR0374_11_02/image000071: 0.034 0.047 0.036 0.035
GOPR0374_11_02/image000072: 0.037 0.053 0.038 0.038
GOPR0374_11_02/image000073: 0.035 0.051 0.035 0.035
GOPR0374_11_02/image000074: 0.031 0.043 0.031 0.032
GOPR0374_11_02/image000075: 0.021 0.024 0.021 0.021
GOPR0374_11_02/image000076: 0.030 0.039 0.030 0.030
GOPR0374_11_02/image000077: 0.030 0.040 0.030 0.030
GOPR0374_11_02/image000078: 0.031 0.043 0.033 0.032
GOPR0374_11_02/image000079: 0.035 0.049 0.036 0.036
GOPR0374_11_02/image000080: 0.032 0.042 0.034 0.033
GOPR0374_11_02/image000081: 0.028 0.035 0.029 0.029
GOPR0374_11_02/image000082: 0.034 0.046 0.034 0.034
GOPR0374_11_02/image000083: 0.029 0.035 0.029 0.029
GOPR0374_11_02/image000084: 0.032 0.042 0.033 0.033
GOPR0374_11_02/image000085: 0.031 0.042 0.031 0.031
GOPR0374_11_02/image000086: 0.024 0.029 0.025 0.025
GOPR0374_11_02/image000087: 0.027 0.035 0.028 0.028
GOPR0374_11_02/image000088: 0.028 0.037 0.028 0.028
GOPR0374_11_02/image000089: 0.024 0.030 0.032 0.027
GOPR0374_11_02/image000090: 0.018 0.020 0.019 0.019
GOPR0374_11_02/image000091: 0.020 0.023 0.020 0.021
GOPR0374_11_02/image000092: 0.022 0.025 0.025 0.023
GOPR0374_11_02/image000093: 0.027 0.033 0.028 0.028
GOPR0374_11_02/image000094: 0.027 0.033 0.027 0.028
GOPR0374_11_02/image000095: 0.025 0.029 0.025 0.025
GOPR0374_11_02/image000096: 0.024 0.028 0.024 0.025
GOPR0374_11_02/image000097: 0.027 0.033 0.027 0.028
GOPR0372_07_01/image000000: 0.018 0.023 0.018 0.018
GOPR0372_07_01/image000001: 0.019 0.025 0.020 0.019
GOPR0372_07_01/image000002: 0.020 0.026 0.020 0.020
GOPR0372_07_01/image000003: 0.015 0.017 0.015 0.015
GOPR0372_07_01/image000004: 0.016 0.018 0.016 0.016
GOPR0372_07_01/image000005: 0.022 0.027 0.022 0.022
GOPR0372_07_01/image000006: 0.021 0.026 0.022 0.021
GOPR0372_07_01/image000007: 0.023 0.030 0.023 0.023
GOPR0372_07_01/image000008: 0.020 0.026 0.020 0.021
GOPR0372_07_01/image000009: 0.025 0.037 0.026 0.026
GOPR0372_07_01/image000010: 0.022 0.032 0.023 0.022
GOPR0372_07_01/image000011: 0.020 0.029 0.021 0.021
GOPR0372_07_01/image000012: 0.019 0.026 0.020 0.020
GOPR0372_07_01/image000013: 0.023 0.032 0.023 0.023
GOPR0372_07_01/image000014: 0.021 0.029 0.022 0.021
GOPR0372_07_01/image000015: 0.019 0.026 0.020 0.020
GOPR0372_07_01/image000016: 0.019 0.025 0.019 0.020
GOPR0372_07_01/image000017: 0.019 0.024 0.019 0.019
GOPR0372_07_01/image000018: 0.018 0.023 0.018 0.018
GOPR0372_07_01/image000019: 0.019 0.026 0.019 0.019
GOPR0372_07_01/image000020: 0.019 0.027 0.019 0.019
GOPR0372_07_01/image000021: 0.019 0.026 0.019 0.019
GOPR0372_07_01/image000022: 0.020 0.028 0.020 0.021
GOPR0372_07_01/image000023: 0.021 0.029 0.022 0.022
GOPR0372_07_01/image000024: 0.019 0.027 0.020 0.020
GOPR0372_07_01/image000025: 0.018 0.025 0.019 0.020
GOPR0372_07_01/image000026: 0.016 0.019 0.018 0.017
GOPR0372_07_01/image000027: 0.018 0.024 0.021 0.019
GOPR0372_07_01/image000028: 0.016 0.020 0.017 0.017
GOPR0372_07_01/image000029: 0.015 0.017 0.015 0.016
GOPR0372_07_01/image000030: 0.017 0.021 0.018 0.018
GOPR0372_07_01/image000031: 0.019 0.026 0.020 0.020
GOPR0372_07_01/image000032: 0.022 0.031 0.022 0.022
GOPR0372_07_01/image000033: 0.020 0.026 0.021 0.021
GOPR0372_07_01/image000034: 0.020 0.030 0.021 0.021
GOPR0372_07_01/image000035: 0.022 0.033 0.022 0.022
GOPR0372_07_01/image000036: 0.021 0.028 0.023 0.021
GOPR0372_07_01/image000037: 0.020 0.028 0.022 0.021
GOPR0372_07_01/image000038: 0.018 0.024 0.020 0.020
GOPR0372_07_01/image000039: 0.017 0.021 0.017 0.018
GOPR0372_07_01/image000040: 0.020 0.029 0.021 0.021
GOPR0372_07_01/image000041: 0.018 0.025 0.018 0.019
GOPR0372_07_01/image000042: 0.020 0.025 0.021 0.020
GOPR0372_07_01/image000043: 0.017 0.022 0.017 0.017
GOPR0372_07_01/image000044: 0.016 0.018 0.016 0.016
GOPR0372_07_01/image000045: 0.016 0.018 0.017 0.016
GOPR0372_07_01/image000046: 0.017 0.021 0.017 0.018
GOPR0372_07_01/image000047: 0.015 0.017 0.016 0.016
GOPR0372_07_01/image000048: 0.016 0.020 0.017 0.016
GOPR0372_07_01/image000049: 0.018 0.027 0.019 0.018
GOPR0372_07_01/image000050: 0.020 0.034 0.021 0.021
GOPR0372_07_01/image000051: 0.021 0.033 0.021 0.021
GOPR0372_07_01/image000052: 0.020 0.031 0.021 0.021
GOPR0372_07_01/image000053: 0.016 0.019 0.017 0.017
GOPR0372_07_01/image000054: 0.020 0.028 0.020 0.021
GOPR0372_07_01/image000055: 0.018 0.024 0.019 0.019
GOPR0372_07_01/image000056: 0.019 0.025 0.019 0.019
GOPR0372_07_01/image000057: 0.020 0.029 0.021 0.021
GOPR0372_07_01/image000058: 0.020 0.027 0.020 0.020
GOPR0372_07_01/image000059: 0.021 0.028 0.021 0.022
GOPR0372_07_01/image000060: 0.020 0.028 0.021 0.020
GOPR0372_07_01/image000061: 0.020 0.025 0.020 0.020
GOPR0372_07_01/image000062: 0.024 0.024 0.025 0.025
GOPR0372_07_01/image000063: 0.021 0.029 0.021 0.021
GOPR0372_07_01/image000064: 0.019 0.024 0.020 0.019
GOPR0372_07_01/image000065: 0.017 0.019 0.017 0.017
GOPR0372_07_01/image000066: 0.017 0.021 0.017 0.017
GOPR0372_07_01/image000067: 0.019 0.024 0.026 0.021
GOPR0372_07_01/image000068: 0.015 0.017 0.016 0.015
GOPR0372_07_01/image000069: 0.018 0.024 0.019 0.018
GOPR0372_07_01/image000070: 0.015 0.018 0.016 0.016
GOPR0372_07_01/image000071: 0.018 0.025 0.019 0.019
GOPR0372_07_01/image000072: 0.016 0.019 0.016 0.016
GOPR0477_11_00/image000000: 0.010 0.011 0.010 0.010
GOPR0477_11_00/image000001: 0.011 0.013 0.012 0.012
GOPR0477_11_00/image000002: 0.011 0.012 0.012 0.012
GOPR0477_11_00/image000003: 0.011 0.012 0.011 0.011
GOPR0477_11_00/image000004: 0.012 0.013 0.012 0.012
GOPR0477_11_00/image000005: 0.011 0.011 0.011 0.011
GOPR0477_11_00/image000006: 0.010 0.011 0.010 0.011
GOPR0477_11_00/image000007: 0.010 0.010 0.010 0.010
GOPR0477_11_00/image000008: 0.011 0.013 0.011 0.012
GOPR0477_11_00/image000009: 0.011 0.013 0.013 0.012
GOPR0477_11_00/image000010: 0.010 0.012 0.010 0.011
GOPR0477_11_00/image000011: 0.011 0.013 0.011 0.012
GOPR0477_11_00/image000012: 0.011 0.013 0.011 0.011
GOPR0477_11_00/image000013: 0.012 0.016 0.012 0.013
GOPR0477_11_00/image000014: 0.012 0.015 0.012 0.013
GOPR0477_11_00/image000015: 0.013 0.017 0.013 0.013
GOPR0477_11_00/image000016: 0.013 0.017 0.016 0.014
GOPR0477_11_00/image000017: 0.015 0.020 0.015 0.016
GOPR0477_11_00/image000018: 0.016 0.022 0.016 0.016
GOPR0477_11_00/image000019: 0.016 0.024 0.017 0.017
GOPR0477_11_00/image000020: 0.017 0.025 0.017 0.017
GOPR0477_11_00/image000021: 0.018 0.026 0.018 0.018
GOPR0477_11_00/image000022: 0.019 0.028 0.020 0.020
GOPR0477_11_00/image000023: 0.019 0.027 0.019 0.019
GOPR0477_11_00/image000024: 0.020 0.027 0.020 0.020
GOPR0477_11_00/image000025: 0.021 0.029 0.021 0.021
GOPR0477_11_00/image000026: 0.018 0.024 0.019 0.019
GOPR0477_11_00/image000027: 0.018 0.024 0.018 0.019
GOPR0477_11_00/image000028: 0.016 0.019 0.018 0.017
GOPR0477_11_00/image000029: 0.018 0.025 0.019 0.019
GOPR0477_11_00/image000030: 0.017 0.022 0.017 0.019
GOPR0477_11_00/image000031: 0.020 0.029 0.020 0.021
GOPR0477_11_00/image000032: 0.021 0.030 0.022 0.022
GOPR0477_11_00/image000033: 0.020 0.029 0.020 0.021
GOPR0477_11_00/image000034: 0.021 0.031 0.021 0.022
GOPR0477_11_00/image000035: 0.020 0.027 0.020 0.020
GOPR0477_11_00/image000036: 0.021 0.030 0.021 0.021
GOPR0477_11_00/image000037: 0.019 0.025 0.019 0.019
GOPR0477_11_00/image000038: 0.019 0.025 0.020 0.020
GOPR0477_11_00/image000039: 0.015 0.017 0.015 0.015
GOPR0477_11_00/image000040: 0.014 0.017 0.015 0.015
GOPR0477_11_00/image000041: 0.015 0.017 0.015 0.015
GOPR0477_11_00/image000042: 0.013 0.014 0.013 0.013
GOPR0477_11_00/image000043: 0.012 0.013 0.012 0.013
GOPR0477_11_00/image000044: 0.013 0.014 0.015 0.014
GOPR0477_11_00/image000045: 0.013 0.014 0.013 0.013
GOPR0477_11_00/image000046: 0.013 0.014 0.013 0.014
GOPR0477_11_00/image000047: 0.015 0.018 0.016 0.015
GOPR0477_11_00/image000048: 0.015 0.016 0.015 0.015
GOPR0477_11_00/image000049: 0.016 0.020 0.017 0.016
GOPR0477_11_00/image000050: 0.013 0.015 0.013 0.014
GOPR0477_11_00/image000051: 0.014 0.017 0.015 0.015
GOPR0477_11_00/image000052: 0.013 0.015 0.014 0.014
GOPR0477_11_00/image000053: 0.017 0.020 0.017 0.017
GOPR0477_11_00/image000054: 0.013 0.015 0.014 0.013
GOPR0477_11_00/image000055: 0.014 0.017 0.015 0.015
GOPR0477_11_00/image000056: 0.013 0.015 0.013 0.013
GOPR0477_11_00/image000057: 0.013 0.014 0.013 0.013
GOPR0477_11_00/image000058: 0.013 0.015 0.014 0.014
GOPR0477_11_00/image000059: 0.014 0.016 0.014 0.014
GOPR0477_11_00/image000060: 0.014 0.015 0.014 0.014
GOPR0477_11_00/image000061: 0.016 0.018 0.016 0.016
GOPR0477_11_00/image000062: 0.013 0.014 0.013 0.013
GOPR0477_11_00/image000063: 0.013 0.014 0.014 0.013
GOPR0477_11_00/image000064: 0.013 0.014 0.013 0.013
GOPR0477_11_00/image000065: 0.015 0.017 0.015 0.016
GOPR0477_11_00/image000066: 0.014 0.016 0.014 0.014
GOPR0477_11_00/image000067: 0.015 0.016 0.015 0.015
GOPR0477_11_00/image000068: 0.016 0.019 0.016 0.016
GOPR0477_11_00/image000069: 0.014 0.018 0.014 0.015
GOPR0477_11_00/image000070: 0.015 0.018 0.015 0.016
GOPR0477_11_00/image000071: 0.015 0.019 0.015 0.016
GOPR0477_11_00/image000072: 0.015 0.017 0.015 0.015
GOPR0477_11_00/image000073: 0.017 0.022 0.017 0.018
GOPR0477_11_00/image000074: 0.016 0.020 0.017 0.016
GOPR0477_11_00/image000075: 0.015 0.019 0.015 0.015
GOPR0477_11_00/image000076: 0.015 0.019 0.016 0.015
GOPR0477_11_00/image000077: 0.015 0.020 0.015 0.016
GOPR0378_13_00/image000000: 0.016 0.018 0.018 0.017
GOPR0378_13_00/image000001: 0.018 0.021 0.019 0.019
GOPR0378_13_00/image000002: 0.018 0.017 0.019 0.019
GOPR0378_13_00/image000003: 0.016 0.017 0.016 0.017
GOPR0378_13_00/image000004: 0.015 0.016 0.015 0.016
GOPR0378_13_00/image000005: 0.013 0.014 0.015 0.014
GOPR0378_13_00/image000006: 0.014 0.016 0.016 0.016
GOPR0378_13_00/image000007: 0.013 0.014 0.016 0.014
GOPR0378_13_00/image000008: 0.017 0.018 0.019 0.018
GOPR0378_13_00/image000009: 0.015 0.016 0.015 0.017
GOPR0378_13_00/image000010: 0.012 0.012 0.012 0.013
GOPR0378_13_00/image000011: 0.020 0.019 0.022 0.021
GOPR0378_13_00/image000012: 0.014 0.016 0.014 0.015
GOPR0378_13_00/image000013: 0.019 0.023 0.019 0.022
GOPR0378_13_00/image000014: 0.018 0.020 0.022 0.020
GOPR0378_13_00/image000015: 0.016 0.018 0.016 0.016
GOPR0378_13_00/image000016: 0.017 0.020 0.017 0.017
GOPR0378_13_00/image000017: 0.018 0.021 0.018 0.019
GOPR0378_13_00/image000018: 0.018 0.021 0.018 0.019
GOPR0378_13_00/image000019: 0.015 0.017 0.015 0.016
GOPR0378_13_00/image000020: 0.013 0.014 0.014 0.014
GOPR0378_13_00/image000021: 0.016 0.018 0.016 0.017
GOPR0378_13_00/image000022: 0.013 0.014 0.013 0.014
GOPR0378_13_00/image000023: 0.014 0.014 0.014 0.014
GOPR0378_13_00/image000024: 0.012 0.012 0.012 0.013
GOPR0378_13_00/image000025: 0.014 0.015 0.014 0.014
GOPR0378_13_00/image000026: 0.018 0.019 0.018 0.018
GOPR0378_13_00/image000027: 0.016 0.018 0.017 0.016
GOPR0378_13_00/image000028: 0.017 0.020 0.017 0.018
GOPR0378_13_00/image000029: 0.025 0.034 0.025 0.025
GOPR0378_13_00/image000030: 0.024 0.030 0.024 0.024
GOPR0378_13_00/image000031: 0.021 0.026 0.021 0.021
GOPR0378_13_00/image000032: 0.014 0.016 0.014 0.015
GOPR0378_13_00/image000033: 0.018 0.021 0.019 0.019
GOPR0378_13_00/image000034: 0.019 0.023 0.020 0.019
GOPR0378_13_00/image000035: 0.020 0.025 0.021 0.020
GOPR0378_13_00/image000036: 0.019 0.024 0.020 0.020
GOPR0378_13_00/image000037: 0.020 0.024 0.021 0.021
GOPR0378_13_00/image000038: 0.024 0.030 0.025 0.024
GOPR0378_13_00/image000039: 0.024 0.028 0.024 0.024
GOPR0378_13_00/image000040: 0.028 0.038 0.028 0.028
GOPR0378_13_00/image000041: 0.025 0.034 0.026 0.026
GOPR0378_13_00/image000042: 0.024 0.029 0.025 0.024
GOPR0378_13_00/image000043: 0.017 0.019 0.017 0.018
GOPR0378_13_00/image000044: 0.028 0.036 0.028 0.028
GOPR0378_13_00/image000045: 0.033 0.048 0.033 0.033
GOPR0378_13_00/image000046: 0.028 0.041 0.029 0.029
GOPR0378_13_00/image000047: 0.026 0.036 0.029 0.027
GOPR0378_13_00/image000048: 0.026 0.038 0.027 0.027
GOPR0378_13_00/image000049: 0.027 0.037 0.027 0.027
GOPR0378_13_00/image000050: 0.025 0.033 0.027 0.026
GOPR0378_13_00/image000051: 0.018 0.020 0.018 0.018
GOPR0378_13_00/image000052: 0.018 0.020 0.020 0.019
GOPR0378_13_00/image000053: 0.016 0.018 0.018 0.017
GOPR0378_13_00/image000054: 0.019 0.023 0.020 0.021
GOPR0378_13_00/image000055: 0.022 0.027 0.029 0.024
GOPR0378_13_00/image000056: 0.029 0.039 0.030 0.029
GOPR0378_13_00/image000057: 0.030 0.040 0.030 0.038
GOPR0378_13_00/image000058: 0.030 0.042 0.032 0.037
GOPR0378_13_00/image000059: 0.021 0.026 0.022 0.022
GOPR0378_13_00/image000060: 0.015 0.016 0.016 0.016
GOPR0378_13_00/image000061: 0.016 0.018 0.016 0.017
GOPR0378_13_00/image000062: 0.020 0.023 0.020 0.020
GOPR0378_13_00/image000063: 0.018 0.020 0.018 0.018
GOPR0378_13_00/image000064: 0.018 0.019 0.019 0.018
GOPR0378_13_00/image000065: 0.020 0.024 0.020 0.021
GOPR0378_13_00/image000066: 0.018 0.021 0.019 0.019
GOPR0378_13_00/image000067: 0.016 0.017 0.016 0.016
GOPR0378_13_00/image000068: 0.020 0.024 0.021 0.022
GOPR0378_13_00/image000069: 0.021 0.025 0.022 0.022
GOPR0378_13_00/image000070: 0.022 0.026 0.022 0.022
GOPR0378_13_00/image000071: 0.019 0.022 0.019 0.020
GOPR0378_13_00/image000072: 0.021 0.025 0.021 0.021
GOPR0378_13_00/image000073: 0.022 0.026 0.022 0.022
GOPR0378_13_00/image000074: 0.025 0.032 0.025 0.027
GOPR0378_13_00/image000075: 0.024 0.030 0.030 0.029
GOPR0378_13_00/image000076: 0.027 0.033 0.027 0.027
GOPR0378_13_00/image000077: 0.026 0.032 0.026 0.026
GOPR0378_13_00/image000078: 0.025 0.032 0.025 0.025
GOPR0378_13_00/image000079: 0.019 0.022 0.023 0.022
GOPR0378_13_00/image000080: 0.019 0.023 0.020 0.020
GOPR0378_13_00/image000081: 0.019 0.022 0.019 0.020
GOPR0378_13_00/image000082: 0.019 0.024 0.022 0.020
GOPR0378_13_00/image000083: 0.015 0.016 0.017 0.016
GOPR0378_13_00/image000084: 0.017 0.017 0.017 0.018
GOPR0378_13_00/image000085: 0.017 0.020 0.020 0.020
GOPR0378_13_00/image000086: 0.014 0.015 0.015 0.015
GOPR0378_13_00/image000087: 0.014 0.015 0.015 0.015
GOPR0378_13_00/image000088: 0.017 0.019 0.018 0.019
GOPR0378_13_00/image000089: 0.022 0.021 0.022 0.022
GOPR0378_13_00/image000090: 0.012 0.013 0.013 0.013
GOPR0378_13_00/image000091: 0.016 0.018 0.016 0.017
GOPR0378_13_00/image000092: 0.013 0.014 0.016 0.014
GOPR0378_13_00/image000093: 0.016 0.017 0.017 0.016
GOPR0378_13_00/image000094: 0.016 0.018 0.016 0.016
GOPR0378_13_00/image000095: 0.016 0.018 0.018 0.017
GOPR0378_13_00/image000096: 0.013 0.015 0.014 0.015
GOPR0378_13_00/image000097: 0.015 0.017 0.017 0.016
GOPR0378_13_00/image000098: 0.017 0.019 0.017 0.017
GOPR0378_13_00/image000099: 0.015 0.016 0.015 0.016
GOPR0378_13_00/image000100: 0.016 0.018 0.016 0.016
GOPR0378_13_00/image000101: 0.018 0.021 0.018 0.018
GOPR0378_13_00/image000102: 0.020 0.025 0.021 0.022
GOPR0378_13_00/image000103: 0.019 0.024 0.020 0.020
GOPR0378_13_00/image000104: 0.019 0.024 0.020 0.020
GOPR0378_13_00/image000105: 0.016 0.019 0.017 0.017
GOPR0378_13_00/image000106: 0.017 0.021 0.018 0.019
GOPR0378_13_00/image000107: 0.019 0.024 0.021 0.020
GOPR0385_11_00/image000000: 0.014 0.014 0.016 0.015
GOPR0385_11_00/image000001: 0.013 0.014 0.014 0.014
GOPR0385_11_00/image000002: 0.016 0.018 0.016 0.017
GOPR0385_11_00/image000003: 0.014 0.015 0.017 0.015
GOPR0385_11_00/image000004: 0.015 0.016 0.015 0.015
GOPR0385_11_00/image000005: 0.013 0.015 0.013 0.014
GOPR0385_11_00/image000006: 0.015 0.016 0.016 0.015
GOPR0385_11_00/image000007: 0.014 0.016 0.015 0.015
GOPR0385_11_00/image000008: 0.016 0.019 0.016 0.016
GOPR0385_11_00/image000009: 0.016 0.019 0.016 0.016
GOPR0385_11_00/image000010: 0.015 0.017 0.015 0.015
GOPR0385_11_00/image000011: 0.020 0.024 0.021 0.021
GOPR0385_11_00/image000012: 0.015 0.017 0.015 0.015
GOPR0385_11_00/image000013: 0.016 0.021 0.017 0.017
GOPR0385_11_00/image000014: 0.016 0.020 0.016 0.016
GOPR0385_11_00/image000015: 0.018 0.022 0.018 0.018
GOPR0385_11_00/image000016: 0.017 0.020 0.018 0.018
GOPR0385_11_00/image000017: 0.017 0.020 0.017 0.017
GOPR0385_11_00/image000018: 0.016 0.019 0.016 0.016
GOPR0385_11_00/image000019: 0.014 0.017 0.014 0.015
GOPR0385_11_00/image000020: 0.015 0.019 0.016 0.016
GOPR0385_11_00/image000021: 0.015 0.018 0.015 0.015
GOPR0385_11_00/image000022: 0.016 0.019 0.017 0.016
GOPR0385_11_00/image000023: 0.017 0.021 0.017 0.017
GOPR0385_11_00/image000024: 0.017 0.021 0.017 0.017
